142342
109670
18416
153138
97108
29371
15200
39918
44699
30825
114118
69345
62212
62816
100728
36826
94033
115968
59058
44726
112493
159944
25953
107902
136171
171362
135394
63461
64573
47251
21722
108457
110732
106481
22262
49293
50403
56280
88229
114136
120522
52854
84195
115916
83328
83701
78038
95501
73408
110405
143587
97536
85276
39167
55837
154236
89320
22799
197028
50777
133743
136018
89044
78406
45008
55202
84888
54445
59481
26137
70900
170771
74578
57376
22913
203073
120895
115293
59263
57344
22158
111889
84861
8138
76332
29356
70297
67784
117327
87029
61405
116138
77562
103376
109041
76986
94411
115846
58584
28149
186035
13055
57027
162863
72422
129753
68014
41418
32116
151793
40131
88867
57294
64237
57804
82845
40403
62859
50486
130174
64400
61100
63420
128017
67660
31153
54689
152792
60202
7369
46500
191404
79467
136143
26462
60714
11904
22537
50123
5589
143234
50723
93704
52540
85998
39769
126934
51797
122041
209876
68801
203886
31894
46408
219433
60720
51630
48578
98393
60912
61779
97086
125299
86982
77477
102695
89394
123457
42503
82403
145493
93218
46539
61751
43256
13379
62082
59608
90982
124868
41085
130708
91048
86229
9496
58802
31694
55873
38030
95298
52708
75367
78293
120403
96207
47162
49246
45100
157955
16669
124510
121232
68224
46494
80734
84378
115367
15714
183981
38902
50952
63314
77300
97649
157960
98983
65424
64116
91091
51119
52097
51737
59940
86175
99776
75365
34630
93954
102843
43321
87771
80200
55601
76870
10652
163772
32485
223325
94529
56055
1872
51802
58975
87560
69234
129242
50756
63296
62719
48520
35037
71352
56253
107708
98640
68330
163087
75880
59171
81004
99392
81935
107833
68263
77677
95065
32157
164893
62421
80093
110646
46056
68688
160206
33336
157471
46766
106813
104353
87197
192997
114632
67497
122816
241650
8181
48650
111445
59331
39746
58876
84738
119696
92527
130186
36095
98407
30808
57060
91267
54790
54783
60986
41349
121096
68404
48850
118738
66795
154794
35519
19433
133846
50933
159401
94198
121486
132564
44728
63069
30774
73820
35396
26762
98948
31260
85491
106177
32374
126130
54571
112379
50942
122810
58675
32458
60597
95610
52475
76605
28805
82209
85423
39284
145672
122463
52202
1811
84887
101395
60999
113739
87715
45479
77331
72562
49835
13927
51071
8091
62598
51384
104168
72001
136361
68890
67933
118331
91258
284328
36254
156423
65366
91449
88655
45618
78154
183423
67194
47400
124334
61194
95994
111774
72090
81544
10686
37473
55388
99443
134812
71528
55960
38591
49608
62810
173595
124314
116982
211697
84561
49594
50858
89211
130653
34696
52023
78707
97071
129066
110108
130367
45121
87007
149777
46824
95841
57346
85939
32568
48507
88891
50909
145022
39886
170657
94284
93070
69800
72866
159201
103794
24135
106676
85160
33608
33634
144902
54868
68738
97719
120625
41851
76165
81734
99529
136171
36336
119189
141163
81759
88942
73412
105059
52029
130613
81800
117302
27449
98159
77540
98002
75029
43591
153912
59898
69795
103182
162094
63293
31407
25904
97003
89244
18848
36177
29386
80415
95033
26869
104338
99164
35605
33205
27313
18852
165799
53113
19528
69710
69849
18071
82001
192599
68112
77920
95751
76702
79996
85358
81805
110406
82675
71852
105331
87100
50770
94888
59747
17260
70684
44640
21302
54916
106357
84384
115036
49065
82194
100049
92396
29083
187409
39028
85529
100225
28227
59283
23263
76451
22790
92623
34503
122129
82096
94956
58617
60702
68215
63994
93554
16433
108568
109289
42623
59728
107311
135586
53630
57885
80389
79133
138466
59738
58361
92038
37430
101647
74506
100076
167856
26452
42670
87016
94032
41604
78062
163205
53889
97857
107133
135867
167609
48582
102207
110372
74562
97743
177858
13847
13958
23563
69241
14629
103199
93686
95949
148005
62362
99493
100660
82869
61446
163524
57020
74759
40485
20628
59559
154410
108074
166212
167157
98423
88791
47592
59300
90802
30499
70734
39827
129928
101333
27338
68890
45206
24992
74180
108781
159211
94802
72422
78506
62994
135723
67666
50491
56845
92500
101847
156633
124783
49705
78306
79317
87453
60246
99054
84206
106333
134009
137972
57548
35895
38913
97804
32229
51369
133506
81528
31408
77391
98761
96061
28876
83329
62048
40682
138809
80139
41695
129423
59614
215842
103200
39545
92879
49139
111420
77459
65276
95380
104895
38590
77178
127731
31142
97392
109709
55362
50916
67928
139014
23387
137769
39744
161443
27081
46879
23913
76284
80162
150752
39708
142611
102020
133081
27248
59167
41448
24918
77447
155892
119819
116957
12354
117880
61089
143120
140865
65185
30423
113217
58325
193697
153773
32882
22298
127268
138212
109594
97117
69575
112369
29536
17760
71288
87906
62109
98513
46474
92916
131122
49393
152478
7146
100852
47514
24832
148386
9616
213693
151764
121825
36513
204447
95113
116631
48076
140599
180219
111235
164586
49706
91998
102755
29551
91895
120267
102045
106662
151177
53493
114069
45747
92337
206052
50710
41403
78069
102589
75495
48232
55866
97214
129323
76480
55643
106211
123050
74124
105013
22571
71900
101421
110141
163664
73872
81670
88388
114139
84889
78004
78880
71911
66460
136354
202859
20401
65895
63976
15434
63699
23704
53512
235925
44449
38073
42894
80588
24596
41501
102539
70522
55096
14960
60005
221230
28359
41862
71185
62149
8139
78547
38382
148323
82833
111619
26330
19093
65695
142491
106569
56008
94702
131351
115927
107132
119629
91491
196682
103106
92912
91735
37448
103493
231025
51242
78723
32104
26901
28012
101132
51515
102413
96723
108764
132038
121277
74191
148416
88280
29709
66791
78930
38096
150862
126203
11955
53651
68752
67908
70977
94365
70395
140408
79461
103415
36151
98861
54499
37975
125791
148909
169145
50314
42946
115807
117307
18472
56154
60797
126557
108577
63333
194271
47058
93412
133386
56948
59518
206413
77579
53017
127049
79098
156281
154289
15485
80069
107610
93038
92118
64354
66306
44596
98852
25990
32056
112211
35600
33364
142785
78658
46293
77835
67065
75448
139860
71777
73634
162421
43138
137758
13090
45521
150970
123801
58998
115019
76831
77853
89445
40838
26816
122722
86165
50043
129737
56722
84473
99696
102414
123972
106542
57797
87862
26838
113229
69843
58424
43602
116805
101037
78035
92533
137598
82370
51578
43756
76280
92661
80251
95373
84417
33322
73069
33573
111778
110092
109753
127468
33960
25826
133198
79845
105177
86493
89536
38776
41352
36789
125389
116029
53757
65442
152401
55104
75057
131249
1811 284328 82592.97
