168945
99964
13238
97914
86885
16948
88084
42736
28480
128166
74746
55846
121018
68089
133244
40271
43359
122419
17066
43530
102728
65792
27652
161281
76420
133408
47121
51522
26499
61365
78224
54089
142872
29217
67424
140721
22613
212359
115166
112558
125257
30100
31189
89170
115550
143049
186259
57708
86072
27977
38886
134860
34975
76535
105587
29430
53791
78850
88380
146649
131668
62891
73219
132199
172845
47548
98935
46626
86513
90502
91744
131934
159913
10504
88449
153414
63812
48539
140504
60514
56630
40818
57846
37199
68077
72614
42112
115786
78311
16214
35953
28797
47136
76468
29050
64682
78628
108477
122589
12821
102700
142355
93876
60210
78298
33831
65362
84370
61986
47856
43335
85090
24631
89550
91385
69657
119454
96538
69865
79193
76621
31104
103511
89155
106311
33759
74220
34743
57459
94615
62105
38011
106877
54804
67715
119361
33997
75728
133805
75369
91408
75318
63050
69912
122841
73741
62177
121436
126259
58186
134382
45875
42857
80829
31393
41213
160867
111288
82046
72877
135101
88148
95905
89472
102927
11150
43115
50597
29191
135207
58080
111192
148665
107986
67743
87108
55002
92053
62815
38649
50965
53503
30678
72956
143785
72987
101574
129822
109201
27372
88128
81737
43664
82277
20012
30390
57940
166894
111857
171968
95877
164015
123263
178569
126524
87999
152302
62144
116229
148643
114526
93367
67704
73219
28647
48321
162652
99249
135766
86991
17973
89611
78845
74246
98661
98767
116023
70068
90793
135029
95071
127117
120736
41858
171211
44507
107833
55143
65539
69412
45160
116928
57857
118371
87838
105427
66464
108725
111676
46302
105421
44322
46194
105778
7077
98966
140600
122540
19826
176586
54047
38975
75318
59222
132213
57817
31724
115932
50182
17954
32674
8665
58600
78156
95236
148205
173718
100937
54712
133899
57568
87766
35864
56876
188971
81047
169806
108586
55771
138987
20555
69602
43465
64371
66754
68877
31256
38283
83724
87193
116052
144995
55850
22623
99753
95020
52669
70287
140312
109234
32693
120477
86184
59945
56215
69443
46893
99917
178083
66313
67599
103264
118677
21657
28736
161145
23527
103973
19553
54501
112115
32039
71801
163284
72424
8771
116240
153930
83746
132567
19561
20768
41180
118127
116276
66414
133851
115852
25267
131425
78598
130922
66103
119644
99367
36405
50775
72164
32730
65587
55693
102391
146207
50339
26514
143277
33461
141866
68825
40175
45893
85115
72413
85181
80040
162187
114110
105369
98527
92174
90185
163491
76799
76074
93518
96253
130464
71063
54940
137883
106559
127807
95751
31434
122286
85633
122244
64821
53730
45708
87176
58230
85216
43863
134207
49754
97635
81795
134507
191770
38454
65231
110090
74729
74828
16935
63207
13501
18388
58585
91485
66980
46217
99036
80853
101003
125019
83379
3692
154162
105326
33628
98871
57931
74606
50186
20063
126312
37964
73183
58844
170293
41998
149493
195724
102469
114394
73985
169246
93562
55385
55851
121121
101172
83827
139868
100778
3666
73253
44596
31965
153613
27434
66120
34854
150752
74813
132559
80897
57347
109984
102184
66350
136743
35455
107018
36065
82869
151087
32354
38732
50904
119214
78608
82640
33102
113087
96709
171117
117486
45419
142611
45191
14562
96167
148736
80907
109142
105049
86027
92113
92265
132282
160001
73733
121352
52299
58012
125017
30418
38706
67669
76248
49387
87165
125134
36919
115868
65705
65391
87930
74051
68303
74805
131318
118565
125924
84957
34926
58899
164451
30323
82295
142956
86475
68642
41022
126770
121463
107982
88049
7959
71428
19908
92195
42543
150648
82279
87102
34693
91221
52319
116809
29915
74305
58285
52594
33607
108128
49375
29119
101281
13157
57084
100672
66334
91582
10669
130565
149738
138179
44147
43815
106074
31631
61077
107006
70113
37061
180948
98377
140161
72640
32262
93511
78040
50006
153686
124853
40063
69435
50866
55398
89412
61570
64030
133157
113511
38859
127104
106704
84443
149739
12478
65238
90886
90735
46215
169376
35138
187546
123070
105293
74617
130511
77692
71091
39622
75689
63351
25219
102711
121770
48588
62695
100809
179232
65016
67093
87525
79458
38018
108241
83509
142791
76380
50874
17151
46880
87970
29820
136475
98196
150123
112290
126489
69672
157062
88057
161925
112618
68231
31963
105657
37116
96192
80375
19897
115791
86891
88627
131161
98741
34599
90726
46840
30553
82096
67383
88176
84796
185302
68379
140692
41221
83340
99197
46064
69559
19556
77827
110220
116489
87588
63016
118555
46488
71750
61005
172046
21075
36436
83685
55413
109694
41657
125105
60742
52022
57289
79405
5781
30002
66148
164749
177199
79026
127465
45069
38027
47343
39547
48965
102636
54894
52137
126402
36221
53051
64610
146236
44518
93939
153272
110784
183182
21188
119727
46325
135969
90685
95126
35164
117162
87937
126527
45654
18025
31052
60748
216565
85689
65263
68881
47894
110077
110609
55728
64930
123549
83995
51429
76943
73130
56930
90325
140958
82288
11972
63519
45815
94971
120941
109346
60148
91496
63151
128027
94626
92517
21303
89023
59184
101738
102447
172019
109277
72284
43592
16483
110788
113553
145418
109293
180081
94208
7358
119666
144764
102621
33350
100440
80398
38142
76736
129414
133869
52065
84720
157625
40491
70341
45000
38784
89686
71378
80014
54531
136655
55870
8109
158152
70325
42830
118072
88232
76490
152688
30833
53938
130429
24399
42773
60116
81727
102845
13326
61341
68843
47310
50158
51734
55045
54411
141504
96298
58675
151381
149676
54323
129619
99733
116712
59901
111580
45109
130557
81235
39309
35708
148828
23930
48635
79357
50611
119906
121662
37320
77291
113751
28021
36250
24374
57516
57547
39182
102971
114591
149319
45528
84372
115423
19847
81600
48108
195230
25587
77865
70183
68274
52119
57968
142701
62235
154370
96883
50624
64993
83106
80527
147252
64178
9929
82327
62549
33793
35821
84994
25553
60271
89439
117868
92133
50269
46953
45807
112739
156758
115017
83263
28428
61911
45688
65242
64227
161151
102967
55824
93100
29918
174336
57487
155924
91069
90342
52277
146339
75252
126237
112511
119419
168597
126176
90278
111417
86508
62884
36737
52697
52289
71696
78901
50117
68640
45678
107940
108472
78820
54925
53924
15881
67787
54344
89324
75494
60856
96544
21558
25740
43621
47255
104836
89217
6655
49082
45468
143426
81908
52572
126982
50698
105103
84927
66061
46049
15244
45791
46068
60476
84447
77683
186990
76400
9861
27661
35622
38436
52819
103268
103030
87219
58827
94496
63079
77508
76472
77710
38313
122362
79457
