287
487
326
777
46
420
257
183
87
403
329
362
917
242
206
451
597
166
276
91
125
112
75
85
283
377
264
185
262
286
275
408
483
266
344
238
401
205
344
800
578
510
186
309
206
138
257
277
94
244
276
378
727
410
205
330
177
149
593
542
159
250
82
334
358
247
240
406
340
177
538
573
507
208
682
150
223
657
220
570
280
302
233
256
462
364
218
492
211
378
260
566
138
516
306
492
190
319
107
305
374
47
362
340
207
242
554
253
327
186
341
131
427
283
516
437
202
105
492
265
400
632
228
283
105
276
119
586
115
385
683
376
288
300
350
431
428
487
454
323
332
287
245
228
272
395
138
369
379
277
343
249
411
271
169
344
152
212
476
57
328
166
172
291
426
406
288
86
535
98
245
519
147
271
199
344
166
540
320
544
317
92
49
515
388
365
416
350
267
54
332
828
394
143
359
567
75
79
63
71
327
152
153
297
422
265
495
325
396
532
707
113
67
316
767
266
603
641
109
12
389
41
380
282
318
248
386
181
72
259
273
610
402
482
290
223
169
714
286
182
478
318
391
158
219
46
574
155
334
407
297
436
282
376
816
130
297
397
154
567
357
358
364
241
324
317
558
149
375
398
265
309
769
406
637
365
385
496
449
315
392
310
105
274
350
230
172
373
173
325
457
572
335
402
486
378
441
413
5
495
221
357
88
277
339
217
259
226
361
403
210
343
424
116
354
61
386
758
33
120
366
52
259
584
506
154
165
493
310
214
545
177
212
427
315
102
358
97
344
228
526
197
397
212
65
136
472
701
82
182
571
26
318
267
515
473
286
179
396
128
256
367
224
421
467
393
448
452
359
520
578
260
208
308
311
351
244
449
169
174
212
405
328
393
119
382
193
543
276
537
66
329
219
246
368
119
386
343
52
243
391
319
182
228
651
344
229
417
8
549
270
120
386
420
127
222
12
393
384
132
358
382
759
309
494
511
445
582
594
121
327
194
388
341
479
40
144
385
150
125
231
59
165
59
207
523
325
527
157
433
271
258
352
311
245
230
168
446
259
382
294
410
140
490
362
382
197
240
151
298
107
328
173
411
166
559
400
666
107
77
317
170
285
472
115
694
1001
535
263
444
343
499
183
130
110
128
115
219
423
166
228
389
391
232
573
342
140
249
441
192
144
262
804
266
527
126
348
447
243
81
206
308
253
194
271
501
280
572
258
341
338
66
334
315
321
235
41
457
214
301
118
391
505
760
264
76
321
267
170
331
356
433
537
283
194
376
406
352
11
461
269
176
244
344
375
489
220
332
130
336
593
299
308
375
532
297
177
507
552
376
401
411
425
209
368
357
473
314
236
233
258
113
114
407
450
263
245
256
167
436
233
66
605
121
279
613
248
370
334
535
562
305
222
143
422
397
80
124
187
248
41
358
461
392
198
311
231
406
285
123
618
440
201
580
257
209
67
275
304
207
267
282
379
492
69
513
357
163
421
235
490
188
191
67
288
135
129
599
303
283
225
396
225
511
272
237
243
191
226
192
304
353
120
214
103
392
167
434
179
464
177
493
116
417
455
324
269
589
422
258
420
433
289
518
422
150
158
353
396
127
365
187
267
249
322
324
546
462
199
194
340
565
369
473
101
274
323
134
637
249
119
259
255
78
393
581
286
384
428
422
136
236
710
422
381
97
165
454
313
417
651
244
262
725
451
501
159
362
111
746
564
208
621
244
245
276
240
726
177
407
436
176
309
391
578
240
308
306
615
151
214
848
207
611
300
241
450
184
241
516
455
319
350
515
85
601
657
438
361
322
326
282
265
137
179
577
382
44
290
277
135
274
441
715
107
685
293
205
406
92
155
371
128
46
176
146
172
440
119
743
46
67
120
208
210
564
148
155
428
189
53
441
493
280
583
439
139
459
129
274
131
148
317
637
65
557
397
117
274
547
150
244
339
509
551
350
463
306
272
425
83
387
454
159
250
136
453
163
22
523
340
255
557
139
330
193
292
330
421
411
177
383
170
312
517
254
149
719
264
390
377
230
402
132
288
423
255
470
266
319
231
425
225
199
203
326
107
243
620
338
353
561
269
394
415
448
241
218
218
357
383
271
491
37
172
338
474
389
368
238
102
697
403
428
415
225
461
281
352
520
106
552
491
620
358
202
393
133
95
97
323
443
396
342
431
558
162
292
42
188
380
106
236
257
173
398
200
329
528
418
380
430
236
403
104
352
233
329
394
278
158
381
370
266
266
392
431
753
584
82
86
53
624
172
419
93
568
497
624
79
