42363
44507
74344
133891
151820
60441
84707
63410
67292
25687
66250
22896
124396
47697
10487
118538
90754
63762
131572
116289
130290
131671
57968
62196
36608
54080
109811
75524
114381
47495
124675
114182
55237
114421
24433
15801
89300
14916
36628
131615
133032
131980
37014
191687
27687
89238
42119
75643
30444
182679
14686
47913
153829
61189
100733
13234
99503
75194
8281
189155
83137
10730
51966
41063
112816
53428
70157
76596
66435
62412
160044
90669
150049
22824
93037
115750
70559
88173
55257
182151
78902
54490
26317
65474
76220
73306
150688
86944
169028
76420
84371
176035
63362
87818
97358
58860
44936
192964
138085
105574
54376
78135
98134
129269
65984
64990
125631
175885
70230
108548
113059
63855
129659
103587
10366
39271
41969
118756
51705
37806
138879
109636
46497
173908
66515
21386
54935
52516
53308
85481
86730
53962
52638
55934
95980
156954
134753
105193
64354
245742
11670
145346
131614
97761
18148
159713
84762
75157
77370
83058
75417
44505
143126
98626
32773
126774
109082
68769
79451
48894
85978
39781
132436
30887
33223
63500
11940
22663
138499
98268
74001
69106
56376
55438
159031
57558
108000
223055
87274
96607
136100
31956
123951
96764
66547
202394
13840
138005
134517
16255
58850
42512
77408
50300
75076
19405
85951
49728
157292
45653
154100
87908
88966
55887
118865
109745
57486
139596
48393
19709
51162
12697
107135
88937
76554
130148
44952
84008
181789
103640
51409
211803
55198
87086
77549
72556
10479
88203
126859
27471
179732
145029
155815
100324
153695
46647
103733
66997
114459
13601
22953
90144
99048
165428
64731
48113
100843
166757
112642
149233
56577
114436
44533
101313
63880
88703
89124
74095
48706
194020
184420
157776
19489
101013
76077
72873
118889
29413
41516
17306
84029
76919
119116
110207
83548
37352
51323
133056
129619
58207
24203
97508
44323
63468
105058
99886
110535
37024
133484
139532
95497
35669
38969
144912
70976
99987
92015
128624
63133
29798
34587
51473
112865
58103
22210
65959
108310
166874
33651
73442
61310
18858
26117
16127
95044
67219
122866
102958
103679
79039
78588
138956
68672
56088
132117
30650
111297
60901
101846
61831
48113
75171
29304
69922
96456
39617
26620
135602
89395
13371
44974
80707
46143
127065
40875
97423
182198
17457
178057
138759
36838
147703
45481
145216
43170
16863
139596
55730
135421
70569
47281
177027
49843
45076
75448
80788
62254
139139
34285
87563
75553
39594
85699
26043
56723
48988
107692
39614
55759
29267
127229
25649
36467
142377
124069
21281
57507
125358
69982
59431
176408
48828
40261
121128
42300
79855
90608
114546
56667
87237
58979
168690
149284
59014
94612
137662
45911
54838
65051
85311
76367
116603
72022
40409
8226
58510
62004
17153
119782
98010
51385
100345
89343
94041
61782
55547
63395
113588
122829
94747
81133
45285
82074
106801
6800
137306
69641
158541
104156
82204
49894
16625
105062
78512
61282
154456
88124
142956
61878
146270
111013
85021
117039
39194
76615
75620
65962
100625
162959
118920
72939
118294
73288
145744
127171
100089
39137
123398
82330
31326
77596
85526
162936
47579
70198
64477
24296
109556
64121
56699
50916
107197
31479
62146
66373
98150
53950
73228
72051
76875
114531
63617
97527
127391
67930
96765
104767
81353
44987
88544
24543
28814
198990
134948
17903
58434
16830
37098
60057
95249
150090
154560
31275
90554
58949
203557
130004
22130
4210
66543
97837
59805
105403
98065
103378
8142
90392
159816
92991
128149
134807
13384
80662
37055
117040
90035
44445
23502
51407
44389
17365
94349
90905
80579
89629
37388
142070
92092
53563
44959
146978
58958
63639
39256
126866
65776
74313
27280
55234
109418
48752
172706
124087
129098
45640
58330
93953
62177
44145
40382
65389
80433
140210
88453
38475
47597
75838
92313
128505
96111
114314
96845
23911
11164
46188
48248
107409
126945
91065
62053
104189
53919
53134
61854
48118
92575
56401
66869
84405
93478
38145
122369
73217
97580
96628
88843
74717
54308
45963
23652
40972
51699
106006
119446
56425
212552
146876
100784
54606
28477
64527
91913
66431
83115
43487
124439
75587
105711
171299
32135
68022
51295
87814
136196
101527
91399
72513
51925
72171
48261
67269
90702
172235
124672
133325
41958
12486
36615
32627
78618
99116
18572
12378
104938
134005
57700
145063
103062
128260
138337
72908
27255
57444
111152
165453
17778
117525
128238
49716
83547
86744
19521
99174
82492
99916
207432
42204
32774
132372
122015
51526
116460
94858
97231
78638
84994
52645
123278
214690
61206
61808
72690
54470
101833
123814
59125
80940
179517
204861
153883
156640
52446
35206
43050
51831
39484
158545
59652
81500
98480
84333
38122
114998
98665
51421
55031
121480
169812
75524
119761
113315
86423
121618
136519
129137
90649
120771
110738
164894
92482
128662
36578
186710
51629
65909
59769
78844
63523
112285
117029
32331
31917
127839
154875
117412
56951
111794
143418
2089
23775
73863
62091
60431
41563
84719
76536
67791
55725
71794
73173
83100
150109
73129
33001
108803
86519
68281
149323
29133
96232
39095
84065
60288
181231
49134
193705
130261
55911
63488
171851
70516
63057
131020
25953
60177
62270
77710
81807
110211
41513
33596
133090
13029
136920
101775
49429
81712
121105
128932
111797
90762
102228
33443
56559
139536
105283
11652
51295
139434
105856
147156
26418
35707
40096
103536
54743
106519
120447
43153
42270
131092
22719
74502
115637
92809
99542
190483
33317
59153
44603
105802
138790
100971
51884
98916
14407
101514
60712
10903
50352
73710
94538
51110
114780
44067
123755
37590
52235
38295
69381
128173
43672
93067
161213
122876
35376
70627
65336
59668
70916
120757
145804
103882
113386
117418
79499
121189
133457
198649
129138
86902
113578
56659
77473
136853
88322
112545
54377
40067
88874
39742
80460
50898
41988
55146
160235
81733
59138
28322
139307
27911
100905
47260
132205
126854
43529
144736
19117
18313
22452
84131
141023
37619
64260
80425
83293
101410
63812
67376
50646
52352
61098
71623
74307
23911
101499
64174
44905
72089
157780
108619
126004
57230
107573
164472
70669
88471
61850
63721
109837
77538
173098
30744
62272
58951
64981
132853
31816
45615
56027
32565
177984
78553
34622
124291
130201
125615
68638
176566
95135
58017
68186
91777
105622
71211
131293
73447
72736
143914
19100
32448
33680
123349
124511
94101
129659
42121
140597
124721
150728
95220
30296
36355
45840
89393
157468
9212
50469
30566
61954
75008
9950
56615
106453
140848
43796
68179
28411
23697
83464
136479
104478
31422
131896
114204
73958
78397
15936
66240
72539
