13317
63258
65536
65536
51932
22381
65536
59809
41243
25182
44911
65536
62001
55944
24125
65536
45493
65536
65536
65536
44273
39241
65536
65536
65536
46165
12482
65536
24395
47200
65264
51414
65536
26320
65536
65536
32156
43492
32295
11750
65536
18330
61317
65536
55840
63674
65536
52255
65536
55123
65536
65536
65536
65536
65536
65536
65536
65536
65536
41343
65536
65536
65536
65536
65536
65536
65536
65536
34076
65536
65536
65536
42297
65536
65536
65536
64272
58308
65536
65536
65536
65536
21470
65536
65536
56622
65536
65536
59679
52461
47126
47654
28828
65536
65536
65536
65536
34512
65536
65536
65536
19062
17650
65536
1912
65536
65536
65536
65536
41392
57555
57527
65536
65536
65536
39636
22359
59116
65536
65536
65536
22722
47938
51813
65536
57767
65536
65536
57970
12895
65536
65536
65536
65536
65536
65536
65536
59850
65536
65536
65536
65536
21667
57818
15793
65536
39594
65536
20960
65536
57994
65536
65536
53843
11958
65536
65536
65536
49353
65536
65536
65536
65536
65536
65536
19651
65536
53852
65536
65536
65536
65536
65536
65536
32406
65536
61263
32325
65536
65536
65536
65536
27722
22932
65536
65536
65536
43241
62603
54768
13810
65536
65536
39139
57179
65536
44765
45960
49024
12038
65536
14505
65536
9963
62762
65536
50296
65536
29868
13743
40827
65536
38551
65536
65536
65536
33781
37797
65536
19578
65536
32465
39606
58158
65536
65536
48700
65536
65536
65536
31631
65536
65536
51084
65536
65536
28651
65536
46242
32224
30100
65536
47795
65536
65536
63685
45184
65536
65536
65536
50317
65536
11735
65536
62780
9925
65536
65536
46609
62298
50751
65536
65536
65536
65536
40514
65536
65536
65536
46995
39590
65536
65536
56031
65536
65536
38721
65536
65536
40011
52704
65536
65536
65536
65536
26908
57270
65536
65536
65536
41922
52563
65536
65536
65536
31981
62051
65536
36832
37911
65536
65536
57869
55609
65536
65536
65536
65536
65536
65536
44202
65536
65536
14044
65536
65536
55817
37954
56666
52570
65536
65536
33414
65536
52444
65536
65536
65536
19026
65536
65536
65536
26185
65536
65536
29710
15750
7363
22152
65536
65536
65536
65536
40406
65536
65536
46123
65536
65536
65536
41638
65536
59312
65536
34388
65536
65536
64415
64824
65536
65536
65536
65536
65536
65536
41782
65536
65536
65536
65536
65536
65536
65536
65536
32155
65536
44338
65536
65536
65536
34364
65536
54211
65536
19070
51562
37608
65536
65536
65536
17964
61430
65536
61647
14463
57843
65536
65536
65536
56753
65536
38543
52855
65536
65536
65536
39804
65536
18475
65536
65536
65536
49650
65536
65536
6719
54213
28928
65536
65536
65536
65536
65536
65536
65536
65536
26930
65536
65536
65536
65536
65536
65536
65536
38578
18831
28879
65536
65536
61801
50032
65536
54654
65536
9737
61472
30369
60928
32040
65536
59914
65536
65536
65536
65536
49644
65536
65536
36340
65536
19797
34540
23151
65536
65536
65536
65536
65536
48446
65536
65536
28376
65536
65536
58699
20295
59256
56167
21465
65536
65536
63918
65536
57938
65536
41459
25081
65536
65536
65536
34087
65536
65536
54054
44022
65536
65536
34894
65536
65536
65536
43181
61262
65536
65536
65536
64695
42832
23742
65536
65536
65536
65536
65536
36906
65536
65536
65536
65536
65536
65536
65536
65536
65536
65536
65536
65536
65536
43346
65536
65536
65536
65536
65536
65536
65536
60352
30194
65536
65536
27014
65536
65536
28472
65536
58071
65536
65536
65536
65536
61422
65536
49060
31553
65536
51389
65536
65536
65536
65536
65536
64725
17809
63008
65536
65536
16606
65536
65536
65536
65536
65536
65536
65536
50974
65131
65536
34380
48421
65536
60966
65536
65536
65536
65536
26991
65536
65536
44423
65536
62497
41977
52351
65536
43284
65536
48834
52710
61910
38597
48930
31027
65536
7911
65536
36833
65536
20722
60731
65536
28811
65536
65536
63900
49652
65536
32062
65536
65536
12529
65536
65536
62449
41121
65536
40921
65536
32119
65536
65536
58016
24250
65536
41579
65536
41873
65536
65536
65536
17931
65536
65536
34737
54604
65536
65536
63926
65536
65536
65536
65536
38930
65536
65536
65536
56610
65536
65536
65536
65536
17484
49334
65536
53082
65536
65536
65536
65536
65536
10064
65536
54327
65536
51143
65536
31161
46376
65536
65536
65536
65536
63241
30199
65536
3638
65536
65536
65536
54487
65536
59066
65536
65536
65536
58804
65536
65536
63026
65536
65536
65536
53502
65536
65536
65536
52017
65536
65536
65536
65536
65536
51837
65536
36134
65536
65536
65536
61735
60320
65536
65536
46646
65536
65536
48591
65536
65536
65536
65536
65536
41117
48460
45409
36234
53439
65536
29268
20722
65536
64624
65536
65536
16670
61055
65536
65536
65536
65536
65536
65536
53181
39831
65536
28800
44060
65536
65536
21597
65536
17915
65536
47043
34077
34729
65536
65536
33389
54988
65536
49496
65536
65536
24839
65536
38320
65536
65536
65536
65536
39757
59475
65536
23045
61057
65536
65536
29026
65536
65536
65536
65536
65536
65536
65536
65536
65536
41885
57671
65536
65536
65536
65536
65536
10836
39591
65536
65536
46390
65536
30873
65536
65536
65536
59904
52476
65536
58277
46307
65536
32867
65536
65536
65536
54914
65536
39178
39277
46272
53192
65536
59134
65536
51416
65536
65536
65536
9803
43905
64893
65536
48891
59473
65536
50769
53597
15070
65359
49125
65536
14610
59559
65536
35246
52357
48198
29808
65536
65536
46838
45490
65536
65536
53803
51701
55111
65536
51808
10570
34936
65536
63962
65536
60167
65536
65536
65536
22529
65536
65536
65536
65536
64393
65083
65536
65536
65536
65536
57406
45234
65536
62361
65536
17004
12168
24482
65536
51022
42656
41442
35441
65536
61926
65536
65536
65536
49344
65536
65536
65536
62753
22263
39025
65536
49884
65536
65536
65536
65536
63135
65536
65536
65536
65536
65536
65536
65536
65536
65536
65536
65536
60416
65536
65536
65536
46721
28359
65536
18661
48211
44478
21701
65536
46280
65536
39873
65536
65536
65536
20109
13622
65536
65536
43435
65536
53786
65536
10359
35341
65536
65536
65536
34759
34608
65536
65536
65296
59894
65536
65536
65536
22057
65536
65536
49796
18319
65536
21852
65536
45830
65536
65536
65536
55787
65536
58825
43389
65536
22229
65536
65536
65536
65536
65536
65536
24547
65536
65536
65536
65536
23482
